6.864638281250000000e+04 1.613698535156250000e+04 -3.412916870117187500e+02
7.881605468750000000e+04 1.408622656250000000e+04 3.215538574218750000e+03
8.544144531250000000e+04 1.040590039062500000e+04 6.421991699218750000e+03
7.902964843750000000e+04 4.993048339843750000e+03 6.156980957031250000e+03
6.921645312500000000e+04 6.461774902343750000e+02 5.259018066406250000e+03
6.985141406250000000e+04 5.022673828125000000e+03 2.858055419921875000e+02
5.699825000000000000e+04 5.997930908203125000e+02 -1.322473999023437500e+03
4.717776562500000000e+04 3.734461669921875000e+03 -2.783051269531250000e+03
4.246292187500000000e+04 2.470011962890625000e+03 -2.670556396484375000e+03
4.018125000000000000e+04 6.162814453125000000e+03 -2.034651855468750000e+03
3.289783203125000000e+04 7.312447753906250000e+03 1.565142944335937500e+03
2.953159375000000000e+04 1.147237011718750000e+04 1.316197875976562500e+03
3.200090039062500000e+04 1.048473632812500000e+04 2.013626464843750000e+03
2.636967187500000000e+04 1.208035839843750000e+04 2.378198486328125000e+03
1.695332421875000000e+04 1.091249218750000000e+04 2.597773681640625000e+03
4.567299316406250000e+03 8.217364257812500000e+03 3.453582519531250000e+03
-8.330750000000000000e+03 6.500396972656250000e+03 4.141878906250000000e+03
-2.626848046875000000e+04 4.143358886718750000e+03 5.521771972656250000e+03
-2.347669335937500000e+04 4.592652343750000000e+03 7.901517578125000000e+03
-9.209026367187500000e+03 7.317632324218750000e+03 8.928586914062500000e+03
1.257854370117187500e+03 4.868980957031250000e+03 6.705097167968750000e+03
2.279190429687500000e+04 4.886970214843750000e+03 3.988519531250000000e+03
3.312626171875000000e+04 1.636710815429687500e+03 2.908376220703125000e+03
3.833342187500000000e+04 1.617125000000000000e+03 9.397886276245117188e+00
3.157674218750000000e+04 -5.468810058593750000e+03 -4.047457031250000000e+03
3.008888476562500000e+04 -6.075905761718750000e+03 -4.392710937500000000e+03
1.626994335937500000e+04 -7.498850585937500000e+03 -9.128325805664062500e+02
2.501641406250000000e+04 -2.394542968750000000e+03 -1.182117553710937500e+03
2.693272265625000000e+04 1.039498779296875000e+03 3.528239746093750000e+02
2.531981835937500000e+04 7.174276367187500000e+03 4.461576660156250000e+03
2.328708398437500000e+04 9.290529296875000000e+03 5.951113281250000000e+03
2.119989843750000000e+04 1.098476757812500000e+04 6.197226562500000000e+03
-1.328844604492187500e+03 8.050257324218750000e+03 7.838919921875000000e+03
-1.908609179687500000e+04 4.005136962890625000e+03 8.538972656250000000e+03
-3.299155078125000000e+04 9.194578857421875000e+02 8.817724609375000000e+03
-2.940388085937500000e+04 7.452708496093750000e+03 8.268311523437500000e+03
-1.915539648437500000e+04 1.214552734375000000e+04 6.488469726562500000e+03
-7.514669921875000000e+03 1.575063281250000000e+04 6.672144531250000000e+03
-2.052014648437500000e+03 1.606659667968750000e+04 6.918068847656250000e+03
1.438369531250000000e+04 1.710910351562500000e+04 6.460213867187500000e+03
1.050203320312500000e+04 1.750527343750000000e+04 4.125799804687500000e+03
4.450923339843750000e+03 2.269424609375000000e+04 4.550632019042968750e+02
1.669308398437500000e+04 2.750775390625000000e+04 -1.863277099609375000e+03
1.996773632812500000e+04 2.881493945312500000e+04 -3.396870117187500000e+03
2.443880273437500000e+04 3.360973828125000000e+04 -4.641209472656250000e+03
3.815112500000000000e+04 3.259270507812500000e+04 -4.149180175781250000e+03
3.842769921875000000e+04 2.214279296875000000e+04 -7.701641235351562500e+02
3.586841406250000000e+04 1.796718554687500000e+04 -2.607387451171875000e+03
3.283803906250000000e+04 1.621371875000000000e+04 -2.239541259765625000e+03
2.210708398437500000e+04 1.073649414062500000e+04 -7.926916503906250000e+02
7.006630859375000000e+03 4.330227050781250000e+03 3.164341064453125000e+03
6.446094726562500000e+03 4.799915039062500000e+03 4.166219726562500000e+03
-2.197239501953125000e+03 -5.620925292968750000e+02 6.494299804687500000e+03
3.096489013671875000e+03 -1.402200439453125000e+03 6.509926757812500000e+03
1.357725781250000000e+04 -3.355387207031250000e+03 6.331046875000000000e+03
3.876494531250000000e+04 -2.246278564453125000e+03 8.353454589843750000e+02
5.304865234375000000e+04 -6.559966308593750000e+03 7.403562011718750000e+02
7.116205468750000000e+04 -9.993689453125000000e+03 3.381903076171875000e+03
8.128103906250000000e+04 -1.251047656250000000e+04 6.987825683593750000e+03
8.217284375000000000e+04 -1.636615332031250000e+04 9.285495117187500000e+03
8.855286718750000000e+04 -2.292956445312500000e+04 1.278255859375000000e+04
8.973964843750000000e+04 -2.302583789062500000e+04 1.438625683593750000e+04
7.960954687500000000e+04 -2.400538867187500000e+04 1.117916503906250000e+04
8.022629687500000000e+04 -2.648500000000000000e+04 3.687531250000000000e+03
7.819957812500000000e+04 -2.666598046875000000e+04 -2.690735107421875000e+03
5.544074218750000000e+04 -2.662541406250000000e+04 -5.477184082031250000e+03
5.076600000000000000e+04 -2.602393359375000000e+04 -8.999730468750000000e+03
4.126250000000000000e+04 -2.226279101562500000e+04 -8.651134765625000000e+03
2.979189648437500000e+04 -1.936471289062500000e+04 -5.960404296875000000e+03
2.219980078125000000e+04 -1.579960644531250000e+04 -2.441003173828125000e+03
1.228501269531250000e+04 -1.150208789062500000e+04 9.115446777343750000e+02
1.003489013671875000e+03 -1.049172753906250000e+04 2.966717285156250000e+03
2.784860595703125000e+03 -8.982903320312500000e+03 3.406107910156250000e+03
1.477579833984375000e+03 -7.002633789062500000e+03 4.014805175781250000e+03
1.996127441406250000e+03 -5.790660644531250000e+03 4.695315429687500000e+03
4.493951171875000000e+03 -3.818807373046875000e+03 5.739331054687500000e+03
1.025307495117187500e+03 -2.683898681640625000e+03 6.497691406250000000e+03
-8.983719726562500000e+03 -3.405464843750000000e+03 7.314295898437500000e+03
-1.455056933593750000e+04 -3.480240234375000000e+03 7.261005859375000000e+03
-2.350950000000000000e+04 -3.687167236328125000e+03 6.511209472656250000e+03
-3.237455273437500000e+04 -4.614010253906250000e+03 5.504216308593750000e+03
-3.721589062500000000e+04 -4.061239746093750000e+03 4.974804199218750000e+03
-3.871738281250000000e+04 -3.698041503906250000e+03 5.579502929687500000e+03
-3.697982812500000000e+04 -3.175998291015625000e+03 7.898122070312500000e+03
-3.876848437500000000e+04 -2.331188964843750000e+03 8.934065429687500000e+03
-3.793217187500000000e+04 -1.690970581054687500e+03 9.663109375000000000e+03
-3.547807031250000000e+04 -1.288477172851562500e+03 9.931644531250000000e+03
-3.626447656250000000e+04 -9.637606201171875000e+02 9.967917968750000000e+03
-3.604669140625000000e+04 -1.214577392578125000e+03 9.833248046875000000e+03
-1.954450195312500000e+04 -2.812869628906250000e+03 9.515594726562500000e+03
-5.375320312500000000e+03 -6.415964843750000000e+03 7.749780761718750000e+03
6.878669921875000000e+03 -5.829277832031250000e+03 6.099085937500000000e+03
2.645500781250000000e+04 -4.664926269531250000e+03 3.769764648437500000e+03
3.461303906250000000e+04 -3.469424072265625000e+03 1.422352783203125000e+03
3.359594531250000000e+04 -1.744130249023437500e+03 -9.076799926757812500e+02
3.773392187500000000e+04 1.031788281250000000e+04 -1.966609375000000000e+03
3.948391406250000000e+04 1.223024121093750000e+04 -2.663146972656250000e+03
3.291705078125000000e+04 1.317689160156250000e+04 -1.539598266601562500e+03
3.867618359375000000e+04 1.358479199218750000e+04 -8.565588378906250000e+02
4.740648828125000000e+04 1.583691308593750000e+04 -2.498223876953125000e+03
4.372217578125000000e+04 8.614573242187500000e+03 -4.350893066406250000e+03
3.786101562500000000e+04 3.703867675781250000e+03 -5.093240234375000000e+03
3.422614843750000000e+04 -9.208236694335937500e+02 -6.786805664062500000e+03
2.421267968750000000e+04 -5.433459960937500000e+03 -9.189483398437500000e+03
1.067142285156250000e+04 -1.159525488281250000e+04 -8.637305664062500000e+03
4.448888183593750000e+03 -1.410920507812500000e+04 -7.533690429687500000e+03
2.978108154296875000e+03 -1.126078906250000000e+04 -7.524906250000000000e+03
-3.515686035156250000e+00 -9.104894531250000000e+03 -7.125189453125000000e+03
-2.857640869140625000e+03 -6.967437988281250000e+03 -6.771548339843750000e+03
-4.753125000000000000e+02 -1.370525756835937500e+03 -4.814948242187500000e+03
-1.094675195312500000e+04 -5.345690429687500000e+03 -6.305304199218750000e+03
-1.152440625000000000e+04 -1.011750195312500000e+04 -6.310765136718750000e+03
-1.390219824218750000e+04 -1.023078515625000000e+04 -5.316751464843750000e+03
-1.868055664062500000e+04 -8.701772460937500000e+03 -4.240772949218750000e+03
-2.621902343750000000e+04 -6.722780273437500000e+03 -2.235850585937500000e+03
-3.595444140625000000e+04 -4.882124511718750000e+03 7.023201904296875000e+02
-4.826492578125000000e+04 -2.491083007812500000e+03 4.854932617187500000e+03
-5.251101562500000000e+04 -1.417890991210937500e+03 6.162672851562500000e+03
-5.349965625000000000e+04 -1.136208129882812500e+03 6.809163085937500000e+03
-5.388344140625000000e+04 -8.992791137695312500e+02 7.262639160156250000e+03
-5.399072656250000000e+04 -7.475757446289062500e+02 7.354181640625000000e+03
-4.773595703125000000e+04 -2.518635253906250000e+03 4.878983398437500000e+03
-4.060270312500000000e+04 -4.995603515625000000e+03 1.865786132812500000e+03
-3.131227343750000000e+04 -8.456874023437500000e+03 -9.800303344726562500e+02
-2.317311328125000000e+04 -1.143137109375000000e+04 -3.519456298828125000e+03
-1.531416503906250000e+04 -1.402494042968750000e+04 -5.647812500000000000e+03
-1.348831640625000000e+04 -1.530629101562500000e+04 -5.818418457031250000e+03
-1.699816601562500000e+04 -1.355154394531250000e+04 -4.152962890625000000e+03
-2.141193164062500000e+04 -9.020977539062500000e+03 -2.758256347656250000e+03
-1.462509472656250000e+04 -2.282789062500000000e+03 -3.279584960937500000e+03
-1.271095703125000000e+04 2.672265014648437500e+02 -4.068839111328125000e+03
-6.782296875000000000e+03 3.762985839843750000e+03 -5.046869628906250000e+03
2.068594238281250000e+03 6.961284667968750000e+03 -5.992629394531250000e+03
5.358751953125000000e+03 8.173300292968750000e+03 -6.331062011718750000e+03
2.259935546875000000e+03 6.388818847656250000e+03 -6.181494628906250000e+03
4.006879882812500000e+03 8.199448242187500000e+03 -6.164930664062500000e+03
2.033951538085937500e+03 7.225340820312500000e+03 -6.767907714843750000e+03
-2.913792480468750000e+03 3.925375732421875000e+03 -6.576282714843750000e+03
-5.705276855468750000e+03 3.439392395019531250e+02 -6.492807128906250000e+03
-1.222366406250000000e+04 -8.654922485351562500e+02 -5.291164550781250000e+03
-1.192835937500000000e+04 -2.748272094726562500e+02 -6.314596679687500000e+03
-1.456991210937500000e+04 1.190564331054687500e+03 -5.303606445312500000e+03
-1.792270898437500000e+04 3.014562988281250000e+03 -4.349650390625000000e+03
-2.093619531250000000e+04 4.716260742187500000e+03 -3.431174316406250000e+03
-2.226909570312500000e+04 4.925637207031250000e+03 -2.762090820312500000e+03
-2.455525781250000000e+04 2.400758056640625000e+03 -1.795825073242187500e+03
-2.338474609375000000e+04 1.423719596862792969e+01 -1.307491088867187500e+03
-2.425602343750000000e+04 -1.992434936523437500e+03 -7.210979614257812500e+02
-2.264895898437500000e+04 -4.303497070312500000e+03 -6.394669799804687500e+02
-2.140039062500000000e+04 -7.102833007812500000e+03 -7.528652954101562500e+02
-2.417023046875000000e+04 -9.387596679687500000e+03 5.881553344726562500e+02
-2.828970507812500000e+04 -9.893745117187500000e+03 1.290705932617187500e+03
-2.636082812500000000e+04 -1.101254882812500000e+04 4.247865905761718750e+02
-2.600502539062500000e+04 -1.069551855468750000e+04 2.843370666503906250e+02
-2.188803320312500000e+04 -9.112160156250000000e+03 -6.090899658203125000e+02
-1.750035351562500000e+04 -8.190153320312500000e+03 -2.794203613281250000e+03
-1.128607910156250000e+04 -3.996809082031250000e+03 -4.631890136718750000e+03
-6.155149414062500000e+03 1.748647827148437500e+03 -5.341372070312500000e+03
-2.971528808593750000e+03 4.505217285156250000e+03 -6.295041992187500000e+03
-6.993141601562500000e+03 5.724429199218750000e+03 -6.037593750000000000e+03
-1.116395703125000000e+04 8.099888671875000000e+03 -4.045198730468750000e+03
-1.510288574218750000e+04 7.027463378906250000e+03 -3.128569580078125000e+03
-1.980557031250000000e+04 4.763839843750000000e+03 -2.612979248046875000e+03
-2.087740429687500000e+04 3.948407958984375000e+03 -2.672930419921875000e+03
-1.836985156250000000e+04 3.043674316406250000e+03 -3.456463867187500000e+03
-1.968994335937500000e+04 2.406511230468750000e+03 -3.118222167968750000e+03
-2.198307226562500000e+04 8.485302124023437500e+02 -2.143015869140625000e+03
-2.279505859375000000e+04 -3.176785278320312500e+02 -1.725748291015625000e+03
-1.567862207031250000e+04 1.052727050781250000e+03 -3.394533203125000000e+03
-1.224365527343750000e+04 1.202657714843750000e+03 -3.848346923828125000e+03
-9.871166992187500000e+03 -2.611518859863281250e+02 -4.329010253906250000e+03
-8.994254882812500000e+03 -5.490734252929687500e+02 -4.544072753906250000e+03
-6.163382812500000000e+03 -1.672808227539062500e+03 -5.139125488281250000e+03
-1.306333203125000000e+04 -3.708463623046875000e+03 -3.201623779296875000e+03
-2.069226757812500000e+04 -4.317950195312500000e+03 -1.308767944335937500e+03
-2.481566406250000000e+04 -3.156262939453125000e+03 -1.013251113891601562e+02
-2.709692968750000000e+04 -3.795738281250000000e+03 1.582534790039062500e+02
-2.993311328125000000e+04 -3.589691406250000000e+03 1.085541015625000000e+03
-3.596337109375000000e+04 -3.668779785156250000e+03 2.120292236328125000e+03
-3.997563281250000000e+04 -3.164363525390625000e+03 3.312679199218750000e+03
-3.887567187500000000e+04 -4.088652343750000000e+03 3.151893310546875000e+03
-3.716065234375000000e+04 -4.396566406250000000e+03 3.929737060546875000e+03
-3.312278515625000000e+04 -4.230163574218750000e+03 3.280313476562500000e+03
-2.416937109375000000e+04 -4.716045898437500000e+03 2.508724609375000000e+03
-1.198455859375000000e+04 -3.515376220703125000e+03 3.621760864257812500e+02
-4.530866699218750000e+03 -3.667000976562500000e+03 -1.879840942382812500e+03
-5.396846679687500000e+03 -1.888875610351562500e+03 -2.274471191406250000e+03
-9.395961914062500000e+03 -1.359728546142578125e+02 -2.590716796875000000e+03
-7.187844726562500000e+03 1.911485107421875000e+03 -4.193518066406250000e+03
-1.117147656250000000e+04 9.814482421875000000e+02 -3.921740966796875000e+03
-1.207736718750000000e+04 2.819877929687500000e+03 -3.979558837890625000e+03
-1.046212988281250000e+04 2.101874023437500000e+03 -5.164600585937500000e+03
-9.794514648437500000e+03 2.045945312500000000e+03 -3.858805664062500000e+03
-1.657609765625000000e+04 1.352707275390625000e+03 -2.240146240234375000e+03
-1.314642773437500000e+04 3.158160156250000000e+03 -3.358216064453125000e+03
-1.976328906250000000e+04 3.643126708984375000e+03 -1.530757812500000000e+03
-2.023127734375000000e+04 5.114644531250000000e+03 -1.174220092773437500e+03
-2.115704492187500000e+04 5.653429687500000000e+03 -2.224854248046875000e+03
-2.396606445312500000e+04 6.152148925781250000e+03 -1.815159423828125000e+03
-3.282806640625000000e+04 4.861712402343750000e+03 3.491823120117187500e+02
-3.391503906250000000e+04 2.231347656250000000e+03 5.170123291015625000e+02
-3.521066796875000000e+04 -2.150620117187500000e+02 9.169930419921875000e+02
-3.451910937500000000e+04 -1.446085571289062500e+03 9.708099975585937500e+02
-2.911199023437500000e+04 -1.896399780273437500e+03 -8.296359252929687500e+02
-1.910968359375000000e+04 -1.384579589843750000e+03 -2.851333984375000000e+03
-1.220432226562500000e+04 2.223563964843750000e+03 -4.456835937500000000e+03
-9.027037109375000000e+03 3.720555664062500000e+03 -5.803862792968750000e+03
-4.606552246093750000e+03 1.752593627929687500e+03 -8.001057617187500000e+03
-3.430169433593750000e+03 -9.850996093750000000e+02 -8.909637695312500000e+03
-7.661205078125000000e+03 -3.318732421875000000e+03 -9.056654296875000000e+03
-1.278552832031250000e+04 -5.894525390625000000e+03 -8.092081542968750000e+03
-1.569943652343750000e+04 -5.816044921875000000e+03 -6.938602050781250000e+03
-2.073769531250000000e+04 -2.610520507812500000e+03 -4.273432617187500000e+03
-2.926651367187500000e+04 4.454522094726562500e+02 -8.866142578125000000e+02
-2.851809570312500000e+04 2.637018310546875000e+03 -5.982594604492187500e+02
-2.942050781250000000e+04 4.809084472656250000e+03 1.607822418212890625e+02
-3.057572070312500000e+04 4.434251953125000000e+03 7.887029418945312500e+02
-3.281173828125000000e+04 2.352125732421875000e+03 1.285914306640625000e+03
-2.552078125000000000e+04 4.334518066406250000e+03 1.255944976806640625e+02
-2.482514453125000000e+04 5.433726562500000000e+03 9.564915161132812500e+02
